<?xml version="1.0"?>
<opencv_storage>
<perspective type_id="opencv-matrix">
  <rows>3</rows>
  <cols>3</cols>
  <dt>f</dt>
  <data>
    0.16720398 1.55901152e-03 -3.73928905 4.71560284e-03 0.23656607
    -9.32981968 8.88331761e-06 3.10254400e-05 1.</data></perspective>
</opencv_storage>
